S.R.-
	N=4;M=4;Ns=4;
	Err = 0.055045347977648
	KL_Div = 0.086397057016200
Nkgm_m-
	N=4;M=4;m=3;
	Err = 0.069245420607017
	KL_Div = 0.081611126927460
S.R.+
	N=8;M=8;Ns=16;
	Err = 0.002175697267218
	KL_Div = 0.002711473141690
Nkgm_m+
	N=8;M=8;m=8;
	Err = 0.001204383528308
	KL_Div = 0.002778493850664
	